Static: 3.351409234
Dynamic: 1.602400284
